File,R,G,B,Fold
8D5U5524.tiff,0.312312526786261,0.422903402704884,0.264784070508855,1
8D5U5525.tiff,0.305581200409588,0.425354143196933,0.269064656393479,2
8D5U5526.tiff,0.366713277311552,0.446667176667844,0.186619546020603,1
8D5U5527.tiff,0.354955362390757,0.434976342021268,0.210068295587976,2
8D5U5528.tiff,0.358835328594659,0.438777744158471,0.20238692724687,1
8D5U5529.tiff,0.277838267157624,0.424215150164264,0.297946582678112,3
8D5U5530.tiff,0.289721533056714,0.425189464582503,0.285089002360783,3
8D5U5531.tiff,0.316389906931021,0.436840739465446,0.246769353603533,3
8D5U5532.tiff,0.319919322840342,0.427682649740018,0.25239802741964,3
8D5U5533.tiff,0.266562196689927,0.427344005523782,0.306093797786291,2
8D5U5534.tiff,0.339991295538458,0.412854835389871,0.247153869071671,1
8D5U5535.tiff,0.285349674781514,0.432346798822083,0.282303526396403,1
8D5U5536.tiff,0.237624632613787,0.419394396171201,0.342980971215012,2
8D5U5537.tiff,0.251204895049368,0.425533170973479,0.323261933977153,2
8D5U5538.tiff,0.30613604945551,0.42721375935087,0.26665019119362,3
8D5U5539.tiff,0.297751090538517,0.429338437304548,0.272910472156935,1
8D5U5540.tiff,0.223545878243002,0.407783514972183,0.368670606784815,2
8D5U5541.tiff,0.221422285648122,0.405530794109621,0.373046920242257,1
8D5U5543.tiff,0.227564188080287,0.410782144146254,0.36165366777346,1
8D5U5544.tiff,0.266883302032052,0.425676829598436,0.307439868369512,3
8D5U5545.tiff,0.37450246570273,0.437246706732365,0.188250827564905,2
8D5U5547.tiff,0.35953045629817,0.418462033007766,0.222007510694064,1
8D5U5548.tiff,0.362918892467958,0.439550267812378,0.197530839719663,3
8D5U5549.tiff,0.334101881503672,0.424814541564908,0.24108357693142,2
8D5U5550.tiff,0.344028491263364,0.426102831183367,0.229868677553269,2
8D5U5552.tiff,0.344079510044361,0.424915596674041,0.231004893281598,3
8D5U5553.tiff,0.342129636752586,0.423954110778037,0.233916252469377,3
8D5U5554.tiff,0.36075917702685,0.423414198047645,0.215826624925505,2
8D5U5555.tiff,0.337431953546138,0.422731158437264,0.239836888016598,3
8D5U5556.tiff,0.377337504749045,0.435260791077689,0.187401704173266,2
8D5U5557.tiff,0.371505434497004,0.437378230362577,0.191116335140418,2
8D5U5558.tiff,0.358375231468161,0.433754647247266,0.207870121284573,3
8D5U5560.tiff,0.244565556078453,0.411909366734257,0.343525077187289,1
8D5U5561.tiff,0.246858560585611,0.412806046683585,0.340335392730805,2
8D5U5562.tiff,0.241167686225822,0.408580053196777,0.350252260577402,2
8D5U5563.tiff,0.249379965912824,0.413689892575125,0.336930141512051,3
8D5U5564.tiff,0.233826230507825,0.408049565892093,0.358124203600082,3
8D5U5565.tiff,0.238898125058495,0.408703477816852,0.352398397124653,2
8D5U5566.tiff,0.244117554978361,0.41018577739967,0.345696667621969,3
8D5U5567.tiff,0.458858015441949,0.410143613391998,0.130998371166053,2
8D5U5568.tiff,0.392557475525108,0.41187130023431,0.195571224240582,1
8D5U5569.tiff,0.278673716571441,0.414174116722466,0.307152166706093,2
8D5U5570.tiff,0.249208075874406,0.410633689881215,0.34015823424438,3
8D5U5571.tiff,0.507525999226179,0.386146306766729,0.106327694007092,2
8D5U5572.tiff,0.283463177765233,0.424899116242564,0.291637705992203,1
8D5U5573.tiff,0.248480774627442,0.415156093962349,0.336363131410209,2
8D5U5574.tiff,0.256125692126076,0.413262041063151,0.330612266810773,2
8D5U5575.tiff,0.226184061258479,0.408165890664404,0.365650048077117,1
8D5U5576.tiff,0.24693770592057,0.411186836509478,0.341875457569952,2
8D5U5577.tiff,0.237433004159195,0.4108265063562,0.351740489484605,3
8D5U5578.tiff,0.396524579614872,0.401751173374876,0.201724247010252,2
8D5U5579.tiff,0.25292696596694,0.41756261286674,0.32951042116632,2
8D5U5580.tiff,0.389219775706794,0.403060641347633,0.207719582945573,2
8D5U5581.tiff,0.275988814539699,0.428462827452865,0.295548358007435,1
8D5U5582.tiff,0.249122409650027,0.421725637564687,0.329151952785286,1
8D5U5583.tiff,0.189778610573833,0.399041965693759,0.411179423732408,1
8D5U5584.tiff,0.183290047812469,0.395167858944815,0.421542093242716,1
8D5U5585.tiff,0.235544046859399,0.411209631376748,0.353246321763853,2
8D5U5586.tiff,0.223076693666832,0.410782307821517,0.366140998511651,1
8D5U5587.tiff,0.266655511534365,0.417917432760528,0.315427055705107,1
8D5U5588.tiff,0.303048458767397,0.411250990893832,0.285700550338772,2
8D5U5589.tiff,0.224253206817006,0.403741273394541,0.372005519788453,3
8D5U5592.tiff,0.296680029196486,0.413747476548736,0.289572494254778,1
8D5U5593.tiff,0.329051205239275,0.419404012265203,0.251544782495521,2
8D5U5594.tiff,0.316096592262427,0.412558240619711,0.271345167117863,3
8D5U5596.tiff,0.423355903994012,0.398950210509351,0.177693885496637,1
8D5U5597.tiff,0.260977651324976,0.423630920325401,0.315391428349623,3
8D5U5598.tiff,0.421722033932829,0.404663683499226,0.173614282567945,1
8D5U5599.tiff,0.450083721928884,0.399667403635091,0.150248874436025,2
8D5U5600.tiff,0.449577748702284,0.403099341713317,0.147322909584399,1
8D5U5601.tiff,0.337828023027099,0.423208007453851,0.23896396951905,1
8D5U5602.tiff,0.339825289546609,0.420338119250175,0.239836591203217,1
8D5U5603.tiff,0.347634971194978,0.422410351876098,0.229954676928924,1
8D5U5604.tiff,0.339356644960583,0.421625140468742,0.239018214570675,1
8D5U5606.tiff,0.308308747203359,0.430207305215858,0.261483947580783,1
8D5U5607.tiff,0.235333776989286,0.40982579880083,0.354840424209884,3
8D5U5608.tiff,0.235488883280416,0.408706789528102,0.355804327191482,3
8D5U5611.tiff,0.517079645936587,0.380302977673645,0.102617376389768,1
8D5U5612.tiff,0.463494218024039,0.388455820670031,0.148049961305929,1
8D5U5613.tiff,0.493715090970764,0.402201828971496,0.104083080057741,2
8D5U5614.tiff,0.503284591498823,0.381258994795166,0.115456413706011,3
8D5U5615.tiff,0.488793433283549,0.380803115876604,0.130403450839847,3
8D5U5617.tiff,0.472190882806081,0.39614662466579,0.131662492528129,1
8D5U5618.tiff,0.452451367817543,0.398143708118008,0.149404924064448,2
8D5U5619.tiff,0.472514005771094,0.390359907911689,0.137126086317218,2
8D5U5620.tiff,0.484660770871478,0.399931956318149,0.115407272810373,2
IMG_0281.tiff,0.209811020822989,0.450079932880143,0.340109046296868,2
IMG_0282.tiff,0.2089060312011,0.452598251337527,0.338495717461372,1
IMG_0283.tiff,0.209594209100094,0.449818065986001,0.340587724913906,3
IMG_0284.tiff,0.208953931689132,0.452387698645316,0.338658369665551,1
IMG_0285.tiff,0.210351588233305,0.453157308770889,0.336491102995806,3
IMG_0286.tiff,0.214605459163964,0.454687583637389,0.330706957198647,2
IMG_0287.tiff,0.22139278768809,0.456982721549787,0.321624490762123,3
IMG_0289.tiff,0.214050756498606,0.456755915971672,0.329193327529722,2
IMG_0290.tiff,0.214755704604468,0.453497980143683,0.331746315251849,3
IMG_0291.tiff,0.214786876753492,0.455815602192654,0.329397521053853,3
IMG_0292.tiff,0.226115208464578,0.459376559210998,0.314508232324423,1
IMG_0293.tiff,0.225671928211464,0.461286508971156,0.313041562817379,2
IMG_0295.tiff,0.214347389380877,0.453965687991514,0.331686922627609,3
IMG_0296.tiff,0.208823921734624,0.452396809205278,0.338779269060098,2
IMG_0297.tiff,0.222770857364467,0.455406761162494,0.32182238147304,1
IMG_0298.tiff,0.237919975540226,0.465938806349509,0.296141218110264,2
IMG_0300.tiff,0.207933796641658,0.45224811634653,0.339818087011812,1
IMG_0301.tiff,0.21160429238469,0.452249532360239,0.336146175255071,3
IMG_0302.tiff,0.217041941486258,0.455082183449104,0.327875875064638,2
IMG_0303.tiff,0.21684727244646,0.455522208850601,0.327630518702939,2
IMG_0305.tiff,0.21698237530952,0.457280779408112,0.325736845282368,2
IMG_0306.tiff,0.21552537830655,0.454235022470785,0.330239599222665,3
IMG_0307.tiff,0.216216111815852,0.454677441539944,0.329106446644204,1
IMG_0310.tiff,0.208608524247513,0.451654891348986,0.339736584403501,3
IMG_0313.tiff,0.216469310011873,0.454355527551391,0.329175162436735,3
IMG_0314.tiff,0.216272190141807,0.455030666747687,0.328697143110506,3
IMG_0315.tiff,0.216752585974965,0.455828084624575,0.32741932940046,1
IMG_0316.tiff,0.214799136189196,0.455180156407886,0.330020707402918,1
IMG_0317.tiff,0.21588947473641,0.451956722640644,0.332153802622946,2
IMG_0318.tiff,0.21197502586524,0.453793705489334,0.334231268645426,1
IMG_0319.tiff,0.218600587368062,0.45718135744819,0.324218055183748,1
IMG_0320.tiff,0.213885561813365,0.453618342850617,0.332496095336018,3
IMG_0321.tiff,0.213912524228183,0.45278131497792,0.333306160793897,2
IMG_0323.tiff,0.215337932982084,0.454477255973206,0.33018481104471,2
IMG_0324.tiff,0.2211375488863,0.456953341947898,0.321909109165803,2
IMG_0325.tiff,0.21536538324252,0.473643199197265,0.310991417560216,1
IMG_0327.tiff,0.232669613746288,0.477170834143898,0.290159552109814,1
IMG_0328.tiff,0.213355310915251,0.450756947387152,0.335887741697597,1
IMG_0329.tiff,0.212652666024332,0.451633038000241,0.335714295975427,1
IMG_0332.tiff,0.21800439923289,0.455658443346846,0.326337157420264,2
IMG_0333.tiff,0.217049403489542,0.456171070063739,0.326779526446719,1
IMG_0334.tiff,0.216128345505546,0.455155417368905,0.328716237125549,3
IMG_0335.tiff,0.208362269703268,0.452367512274251,0.33927021802248,3
IMG_0336.tiff,0.208910150316894,0.451758905071623,0.339330944611483,1
IMG_0337.tiff,0.208719574698356,0.451948049801076,0.339332375500568,3
IMG_0339.tiff,0.211617811480887,0.452952587505632,0.335429601013481,1
IMG_0340.tiff,0.209146351499015,0.455231358077222,0.335622290423762,3
IMG_0341.tiff,0.211991060962264,0.453344070068093,0.334664868969643,1
IMG_0342.tiff,0.211195053325532,0.449905513851302,0.338899432823167,2
IMG_0343.tiff,0.23015853154513,0.457651293766173,0.312190174688697,1
IMG_0344.tiff,0.213315949046331,0.457581723586233,0.329102327367437,3
IMG_0345.tiff,0.211082241771377,0.458433285750765,0.330484472477858,2
IMG_0350.tiff,0.207158114199876,0.45165718600439,0.341184699795734,2
IMG_0351.tiff,0.213888694935692,0.453248972601631,0.332862332462678,3
IMG_0352.tiff,0.219597200324536,0.454138673326891,0.326264126348573,1
IMG_0353.tiff,0.211125416516174,0.453490438441399,0.335384145042427,2
IMG_0354.tiff,0.218975752642988,0.454156372509911,0.326867874847101,3
IMG_0355.tiff,0.207217160933945,0.453207502473348,0.339575336592707,1
IMG_0361.tiff,0.254660223826975,0.47912670709421,0.266213069078814,2
IMG_0362.tiff,0.249742770263827,0.479625647942939,0.270631581793234,1
IMG_0363.tiff,0.232670913436525,0.458213631570707,0.309115454992767,3
IMG_0364.tiff,0.223780891647491,0.457502899681814,0.318716208670695,1
IMG_0365.tiff,0.23336255303131,0.455878953451973,0.310758493516716,2
IMG_0366.tiff,0.232276610459512,0.457365889073188,0.3103575004673,2
IMG_0367.tiff,0.230669285387634,0.457302003834061,0.312028710778305,2
IMG_0368.tiff,0.22628536349765,0.455986351701897,0.317728284800452,1
IMG_0369.tiff,0.227133889457527,0.456891584293706,0.315974526248767,2
IMG_0370.tiff,0.211534807187191,0.452989472805318,0.335475720007491,3
IMG_0371.tiff,0.209378470271267,0.451805290261132,0.338816239467601,1
IMG_0372.tiff,0.209683944738482,0.453753198030126,0.336562857231392,1
IMG_0374.tiff,0.210512673797939,0.45275240255789,0.33673492364417,3
IMG_0375.tiff,0.211387088666845,0.451318622883678,0.337294288449477,2
IMG_0376.tiff,0.212349290716598,0.456001256936904,0.331649452346498,1
IMG_0377.tiff,0.211005592557908,0.45356102881873,0.335433378623362,2
IMG_0378.tiff,0.211335785920739,0.453205185977276,0.335459028101985,1
IMG_0379.tiff,0.211373547734369,0.453022489240636,0.335603963024995,1
IMG_0380.tiff,0.211451908587813,0.453112017459305,0.335436073952881,1
IMG_0381.tiff,0.211178407340082,0.454225931803985,0.334595660855933,1
IMG_0382.tiff,0.212941383506253,0.45183358778064,0.335225028713107,1
IMG_0383.tiff,0.227109585113693,0.487965457711677,0.28492495717463,1
IMG_0384.tiff,0.208126637607128,0.455356093038612,0.336517269354261,1
IMG_0385.tiff,0.231974212764114,0.457402986855546,0.31062280038034,3
IMG_0386.tiff,0.235840409269138,0.456751435255028,0.307408155475834,1
IMG_0387.tiff,0.208965333670356,0.451392598882311,0.339642067447334,3
IMG_0388.tiff,0.200751012123873,0.448088903931666,0.351160083944461,2
IMG_0389.tiff,0.203799324738005,0.445650522622696,0.350550152639299,1
IMG_0390.tiff,0.222247086748681,0.455936790539719,0.3218161227116,1
IMG_0392.tiff,0.217435499927141,0.447735760433555,0.334828739639304,3
IMG_0393.tiff,0.233408400455504,0.458599100806709,0.307992498737787,3
IMG_0394.tiff,0.219624670761879,0.457110848177454,0.323264481060667,2
IMG_0395.tiff,0.2320589901711,0.457433209267549,0.310507800561351,2
IMG_0396.tiff,0.218028812228358,0.466976112979027,0.314995074792615,3
IMG_0397.tiff,0.218941757464603,0.463025301848819,0.318032940686578,1
IMG_0398.tiff,0.218766277840834,0.460301219243841,0.320932502915325,1
IMG_0399.tiff,0.22925746086429,0.456619778153724,0.314122760981986,1
IMG_0400.tiff,0.232152495963135,0.457272217305394,0.310575286731471,1
IMG_0401.tiff,0.212020285772105,0.452904592542054,0.335075121685841,3
IMG_0402.tiff,0.213810889911557,0.453031775177202,0.333157334911241,3
IMG_0403.tiff,0.213460036498736,0.452921467195113,0.333618496306151,3
IMG_0404.tiff,0.215190206438289,0.453826234201798,0.330983559359913,2
IMG_0405.tiff,0.214763175332515,0.454231098956522,0.331005725710963,1
IMG_0406.tiff,0.218477123689097,0.454231215687758,0.327291660623144,3
IMG_0407.tiff,0.218944821827934,0.454090820392104,0.326964357779962,3
IMG_0408.tiff,0.213285182463226,0.452431128960911,0.334283688575863,1
IMG_0409.tiff,0.213866554857114,0.451511198912604,0.334622246230282,2
IMG_0410.tiff,0.262651682417082,0.45866829728655,0.278680020296368,3
IMG_0411.tiff,0.21363474725085,0.453293233508488,0.333072019240661,3
IMG_0412.tiff,0.217885586506796,0.455029131413101,0.327085282080103,3
IMG_0413.tiff,0.232520722501669,0.461047628874966,0.306431648623365,1
IMG_0414.tiff,0.219675576750068,0.457935050814689,0.322389372435243,3
IMG_0416.tiff,0.230712924991997,0.46403515158175,0.305251923426253,2
IMG_0417.tiff,0.207715303992706,0.458021466861556,0.334263229145738,3
IMG_0418.tiff,0.246921737358778,0.460767595289204,0.292310667352018,3
IMG_0419.tiff,0.239028383179301,0.458381134294918,0.302590482525782,2
IMG_0420.tiff,0.212938102651644,0.453136855756934,0.333925041591421,2
IMG_0421.tiff,0.214769619879411,0.45502035601329,0.330210024107298,2
IMG_0422.tiff,0.213574636336063,0.453625341904933,0.332800021759003,1
IMG_0423.tiff,0.215793451896548,0.454436641860156,0.329769906243296,3
IMG_0424.tiff,0.213936286076172,0.452593331451182,0.333470382472646,2
IMG_0425.tiff,0.211770667648553,0.451926241910411,0.336303090441036,2
IMG_0426.tiff,0.215782476699536,0.453351643424096,0.330865879876368,1
IMG_0427.tiff,0.215505570944696,0.451794644839224,0.332699784216081,1
IMG_0428.tiff,0.212649178871614,0.452677298257087,0.334673522871299,2
IMG_0429.tiff,0.269799626627462,0.456076168817301,0.274124204555237,1
IMG_0430.tiff,0.242381634427614,0.453843684915174,0.303774680657212,3
IMG_0431.tiff,0.20673126792544,0.45134800481947,0.34192072725509,3
IMG_0432.tiff,0.21678544982052,0.455569189598832,0.327645360580648,2
IMG_0433.tiff,0.274565261392794,0.481764459982311,0.243670278624895,1
IMG_0434.tiff,0.225028761489393,0.460427415639822,0.314543822870785,3
IMG_0435.tiff,0.241840677286783,0.463364552930261,0.294794769782956,3
IMG_0436.tiff,0.249974504650173,0.466382736038001,0.283642759311826,3
IMG_0437.tiff,0.216452308348535,0.455355285445606,0.328192406205859,1
IMG_0438.tiff,0.232252875840418,0.460610556903736,0.307136567255846,1
IMG_0439.tiff,0.204020659284223,0.446825593607861,0.349153747107916,2
IMG_0440.tiff,0.238600154992453,0.458452693696854,0.302947151310693,1
IMG_0441.tiff,0.209615083920331,0.448838020504697,0.341546895574972,3
IMG_0442.tiff,0.207330612286296,0.451252567301907,0.341416820411798,3
IMG_0443.tiff,0.193908371814006,0.445512570418333,0.360579057767661,1
IMG_0444.tiff,0.236683367943873,0.458101823041593,0.305214809014534,3
IMG_0445.tiff,0.197484900114436,0.447944423350223,0.354570676535342,3
IMG_0446.tiff,0.208385948124295,0.451062234325018,0.340551817550688,2
IMG_0447.tiff,0.232002044075864,0.458674313474385,0.309323642449751,2
IMG_0448.tiff,0.210269931551207,0.458283931011876,0.331446137436917,3
IMG_0449.tiff,0.19080491330764,0.445434582190771,0.363760504501589,3
IMG_0450.tiff,0.198549353057234,0.44786871997373,0.353581926969036,2
IMG_0451.tiff,0.196226676387829,0.446813519299889,0.356959804312282,3
IMG_0452.tiff,0.189222325527735,0.444598421547513,0.366179252924752,2
IMG_0453.tiff,0.184926907664305,0.444771603944358,0.370301488391337,1
IMG_0455.tiff,0.202095870509554,0.449942659595124,0.347961469895321,2
IMG_0456.tiff,0.173515849888885,0.436064810222319,0.390419339888796,2
IMG_0457.tiff,0.21093093335719,0.451405897177589,0.337663169465221,2
IMG_0458.tiff,0.206201806226214,0.451448662156585,0.342349531617201,1
IMG_0459.tiff,0.232651027055907,0.458063541899666,0.309285431044427,3
IMG_0460.tiff,0.259417476369055,0.470323486524502,0.270259037106443,1
IMG_0461.tiff,0.295981883977173,0.473029024355874,0.230989091666953,3
IMG_0462.tiff,0.32324596524751,0.477590833244191,0.199163201508299,1
IMG_0463.tiff,0.331412411057007,0.480707536186369,0.187880052756623,2
IMG_0464.tiff,0.266262163931264,0.464086326650764,0.269651509417973,3
IMG_0465.tiff,0.245391081078004,0.467970843895375,0.286638075026622,3
IMG_0466.tiff,0.229809251741225,0.46759322779685,0.302597520461925,2
IMG_0467.tiff,0.220408202595192,0.459017531491383,0.320574265913425,2
IMG_0468.tiff,0.238760198538592,0.458788694865263,0.302451106596145,3
IMG_0469.tiff,0.210402904163352,0.45728445713422,0.332312638702429,3
IMG_0470.tiff,0.236803440288757,0.458644586036896,0.304551973674348,1
IMG_0471.tiff,0.243046489498026,0.459325136578794,0.29762837392318,2
IMG_0472.tiff,0.236450537614382,0.45745775447724,0.306091707908378,3
IMG_0473.tiff,0.231825281077767,0.458084948765098,0.310089770157135,3
IMG_0474.tiff,0.226998161454642,0.458437474863751,0.314564363681607,2
IMG_0477.tiff,0.220427118348232,0.456017757169444,0.323555124482324,1
IMG_0479.tiff,0.214496597492455,0.454185806854626,0.331317595652919,2
IMG_0480.tiff,0.235693699542234,0.458974974848578,0.305331325609188,1
IMG_0481.tiff,0.231753853609074,0.457810028758549,0.310436117632378,2
IMG_0482.tiff,0.187541571195759,0.455127731045727,0.357330697758514,2
IMG_0483.tiff,0.192042562764899,0.446615414541811,0.36134202269329,3
IMG_0484.tiff,0.178304548133198,0.438704334614969,0.382991117251834,3
IMG_0485.tiff,0.212476768800045,0.470009151502231,0.317514079697724,2
IMG_0486.tiff,0.210783530662358,0.470709195791625,0.318507273546017,3
IMG_0487.tiff,0.207053159864893,0.454017523644933,0.338929316490174,2
IMG_0488.tiff,0.243327030960348,0.461538489650614,0.295134479389038,3
IMG_0489.tiff,0.210958113325995,0.475150644125276,0.313891242548728,3
IMG_0490.tiff,0.201378505062463,0.457429625864971,0.341191869072566,3
IMG_0491.tiff,0.214389369340623,0.456631850666373,0.328978779993004,1
IMG_0492.tiff,0.209785442269628,0.453256209571665,0.336958348158708,2
IMG_0493.tiff,0.204169217678535,0.453129190847882,0.342701591473583,1
IMG_0494.tiff,0.244805089090781,0.46035164267074,0.294843268238478,3
IMG_0495.tiff,0.208042730492793,0.453298081277606,0.338659188229601,3
IMG_0496.tiff,0.2064921938176,0.454270360737492,0.339237445444907,3
IMG_0497.tiff,0.205233978488237,0.450361363987934,0.344404657523828,2
IMG_0498.tiff,0.20588845447279,0.450578236120129,0.343533309407081,2
IMG_0499.tiff,0.203884781041547,0.449427118710294,0.346688100248158,1
IMG_0500.tiff,0.206851972737234,0.451331555627838,0.341816471634928,3
IMG_0501.tiff,0.207119283657055,0.451941211550788,0.340939504792158,2
IMG_0502.tiff,0.206869708900138,0.451472798875326,0.341657492224536,1
IMG_0503.tiff,0.228856607657357,0.455865863118769,0.315277529223874,3
IMG_0504.tiff,0.240245505758329,0.457306825010651,0.30244766923102,3
IMG_0505.tiff,0.219175645176587,0.455139648717451,0.325684706105962,3
IMG_0506.tiff,0.202974761923964,0.451345372775617,0.345679865300419,1
IMG_0507.tiff,0.206188635132449,0.456491088624143,0.337320276243407,2
IMG_0508.tiff,0.208555064246091,0.45210179892445,0.33934313682946,2
IMG_0509.tiff,0.20035809758512,0.449635599020578,0.350006303394302,1
IMG_0510.tiff,0.200075219452847,0.4481543542413,0.351770426305854,2
IMG_0511.tiff,0.19877559236069,0.448855897265648,0.352368510373661,1
IMG_0512.tiff,0.19861482738096,0.447254803690663,0.354130368928377,3
IMG_0513.tiff,0.199546419020311,0.449461678916,0.350991902063689,1
IMG_0514.tiff,0.19667196341573,0.448177944106223,0.355150092478047,3
IMG_0515.tiff,0.202984889474115,0.456516113099468,0.340498997426417,3
IMG_0516.tiff,0.203313324702268,0.452137223433095,0.344549451864637,1
IMG_0517.tiff,0.205428739591497,0.452656128700796,0.341915131707707,2
IMG_0518.tiff,0.201579729709677,0.448452551508464,0.34996771878186,3
IMG_0519.tiff,0.203234223783331,0.450657625121771,0.346108151094898,3
IMG_0520.tiff,0.229326251990117,0.457251038180279,0.313422709829604,2
IMG_0521.tiff,0.203232909405466,0.456287483959372,0.340479606635162,2
IMG_0522.tiff,0.209822697101812,0.454031233990637,0.336146068907551,1
IMG_0523.tiff,0.202805608650721,0.449049613737375,0.348144777611904,2
IMG_0524.tiff,0.194929364047062,0.447616250856765,0.357454385096173,3
IMG_0525.tiff,0.196827755659832,0.446225138976104,0.356947105364064,3
IMG_0526.tiff,0.210363432866385,0.452977286784518,0.336659280349097,3
IMG_0527.tiff,0.201598118263269,0.450993698567832,0.347408183168899,1
IMG_0528.tiff,0.197811698937025,0.447511282723467,0.354677018339508,2
IMG_0529.tiff,0.190744717304013,0.446179164599648,0.363076118096339,2
IMG_0530.tiff,0.199080116074088,0.44860184433138,0.352318039594532,2
IMG_0531.tiff,0.218160248360444,0.45576897468087,0.326070776958686,1
IMG_0533.tiff,0.241752288315196,0.460279323602889,0.297968388081915,3
IMG_0534.tiff,0.25161433542869,0.460104975670798,0.288280688900512,1
IMG_0538.tiff,0.303076743189356,0.477698988629353,0.219224268181292,2
IMG_0539.tiff,0.28621040598785,0.474454354887536,0.239335239124614,3
IMG_0540.tiff,0.328585422278436,0.475294944631434,0.19611963309013,3
IMG_0542.tiff,0.373217772879969,0.474427980338147,0.152354246781885,2
IMG_0543.tiff,0.37299843325537,0.475807367234783,0.151194199509847,2
IMG_0544.tiff,0.377093312314169,0.476436047536306,0.146470640149525,3
IMG_0545.tiff,0.372419286570959,0.480119140521724,0.147461572907318,2
IMG_0546.tiff,0.218300204493921,0.474471394022593,0.307228401483486,3
IMG_0547.tiff,0.20391920115917,0.471157003049151,0.324923795791679,1
IMG_0549.tiff,0.370976791151731,0.475498246092193,0.153524962756076,2
IMG_0550.tiff,0.374980016695511,0.474758373178184,0.150261610126305,3
IMG_0551.tiff,0.296436685421312,0.469617067770184,0.233946246808504,1
IMG_0552.tiff,0.314593898151423,0.47391729318564,0.211488808662937,2
IMG_0553.tiff,0.369882551828281,0.478159938159693,0.151957510012027,1
IMG_0554.tiff,0.356316939896118,0.473853504482728,0.169829555621154,2
IMG_0555.tiff,0.381017451892856,0.475109743326262,0.143872804780882,2
IMG_0556.tiff,0.375815254916118,0.474567167948797,0.149617577135085,2
IMG_0558.tiff,0.33702751334438,0.473182717527173,0.189789769128448,1
IMG_0559.tiff,0.262025032021959,0.469149613521053,0.268825354456989,2
IMG_0560.tiff,0.378929138356318,0.471262756051258,0.149808105592424,1
IMG_0561.tiff,0.379631780720903,0.469556831167296,0.150811388111801,1
IMG_0562.tiff,0.348789883517428,0.473735118837773,0.177474997644799,1
IMG_0563.tiff,0.217085385583077,0.467515423273909,0.315399191143014,1
IMG_0564.tiff,0.202513714532012,0.461346047045149,0.336140238422839,3
IMG_0565.tiff,0.350576763942376,0.494182849197154,0.15524038686047,3
IMG_0566.tiff,0.342601174205469,0.482830168836053,0.174568656958479,3
IMG_0567.tiff,0.383698927329273,0.471856238366618,0.144444834304109,3
IMG_0568.tiff,0.281994998368211,0.48022769379656,0.237777307835229,1
IMG_0570.tiff,0.275788413866986,0.481351485048366,0.242860101084648,2
IMG_0571.tiff,0.300679751481154,0.483973670274307,0.215346578244539,1
IMG_0572.tiff,0.263215943302548,0.480498597848286,0.256285458849166,1
IMG_0574.tiff,0.288776003513257,0.484719065068118,0.226504931418625,2
IMG_0575.tiff,0.280072830888335,0.482683598235614,0.237243570876051,3
IMG_0576.tiff,0.342772290172209,0.466992617055984,0.190235092771807,3
IMG_0577.tiff,0.376053939061076,0.476048812513806,0.147897248425118,2
IMG_0578.tiff,0.382106194091578,0.477202899747521,0.140690906160901,2
IMG_0580.tiff,0.271590986601772,0.476339172709477,0.25206984068875,1
IMG_0581.tiff,0.360616977120233,0.472762465305443,0.166620557574323,2
IMG_0583.tiff,0.212745091880729,0.472219463990417,0.315035444128854,3
IMG_0584.tiff,0.207829602770235,0.474003027435099,0.318167369794666,3
IMG_0585.tiff,0.210431860304911,0.474261361371633,0.315306778323456,2
IMG_0586.tiff,0.378363671458897,0.475783488722257,0.145852839818846,3
IMG_0587.tiff,0.380249588471806,0.475729080421268,0.144021331106926,3
IMG_0588.tiff,0.374017371846174,0.475864246705926,0.150118381447901,1
IMG_0589.tiff,0.376703241415852,0.475692017724248,0.1476047408599,2
IMG_0592.tiff,0.368571879911654,0.473161915915559,0.158266204172787,2
IMG_0593.tiff,0.362689911613361,0.473474975483223,0.163835112903416,1
IMG_0594.tiff,0.375865329799705,0.474318675138726,0.14981599506157,1
IMG_0595.tiff,0.375605406169802,0.474536634685365,0.149857959144833,1
IMG_0596.tiff,0.372102833841022,0.475533280930272,0.152363885228706,3
IMG_0597.tiff,0.247463588724546,0.474408914570182,0.278127496705272,2
IMG_0598.tiff,0.212857959465944,0.472331577105642,0.314810463428414,3
IMG_0599.tiff,0.375906343225528,0.47757878246385,0.146514874310622,1
IMG_0600.tiff,0.36377717687096,0.481477587190625,0.154745235938415,1
IMG_0601.tiff,0.373178616148519,0.479553128572202,0.147268255279279,2
IMG_0602.tiff,0.371562668257438,0.482959101087263,0.1454782306553,1
IMG_0603.tiff,0.343284696542482,0.480568483648712,0.176146819808806,3
IMG_0604.tiff,0.344411974286874,0.480690087425963,0.174897938287163,3
IMG_0605.tiff,0.209032760164449,0.470751706438118,0.320215533397433,2
IMG_0606.tiff,0.206916553614948,0.47646362336641,0.316619823018642,1
IMG_0607.tiff,0.360319942182269,0.477867829731292,0.161812228086439,3
IMG_0608.tiff,0.384655243460445,0.474227841551724,0.141116914987831,3
IMG_0609.tiff,0.229839766638422,0.475800659298232,0.294359574063346,3
IMG_0610.tiff,0.343837802722169,0.473756735124927,0.182405462152903,1
IMG_0611.tiff,0.263737217203131,0.469909815280177,0.266352967516693,2
IMG_0612.tiff,0.33163352317561,0.490338205886032,0.178028270938358,2
IMG_0613.tiff,0.349504635869564,0.474555337929736,0.1759400262007,3
IMG_0614.tiff,0.345720522157857,0.474520790414229,0.179758687427914,3
IMG_0615.tiff,0.285938082403667,0.472204833079584,0.241857084516748,3
IMG_0616.tiff,0.342500996164399,0.4711946374204,0.1863043664152,3
IMG_0617.tiff,0.364929011526577,0.472125517822646,0.162945470650777,2
IMG_0618.tiff,0.373485022976615,0.477625620033305,0.14888935699008,2
IMG_0619.tiff,0.381315241860245,0.474126495412262,0.144558262727493,1
IMG_0620.tiff,0.382078022726937,0.472683128960769,0.145238848312295,1
IMG_0621.tiff,0.375666321662581,0.47795571132765,0.14637796700977,3
IMG_0622.tiff,0.377592402369156,0.47508099867279,0.147326598958054,1
IMG_0623.tiff,0.374899018351752,0.479657668355171,0.145443313293077,2
IMG_0624.tiff,0.30830971146498,0.485438720945531,0.206251567589489,3
IMG_0625.tiff,0.356874342779407,0.478827447547562,0.164298209673031,1
IMG_0626.tiff,0.330778896848217,0.512514069041488,0.156707034110295,1
IMG_0627.tiff,0.238473489555681,0.476242823099853,0.285283687344465,2
IMG_0628.tiff,0.240803023494612,0.476190933553718,0.28300604295167,3
IMG_0629.tiff,0.34191376549614,0.475009089387133,0.183077145116728,2
IMG_0630.tiff,0.372472450559928,0.483025338968355,0.144502210471716,1
IMG_0631.tiff,0.364889330014574,0.495829652080284,0.139281017905142,1
IMG_0632.tiff,0.38928062633365,0.467068600265659,0.143650773400692,2
IMG_0633.tiff,0.326247145779906,0.475231629470748,0.198521224749345,2
IMG_0634.tiff,0.316114101730383,0.474905146510036,0.208980751759581,1
IMG_0635.tiff,0.32818989173665,0.476893842150061,0.194916266113288,2
IMG_0636.tiff,0.208343881897922,0.469050511481129,0.32260560662095,1
IMG_0637.tiff,0.270535325120754,0.484041887803787,0.245422787075459,2
IMG_0638.tiff,0.240640490027269,0.470230693504928,0.289128816467803,1
IMG_0661.tiff,0.235698775458358,0.472390124290407,0.291911100251235,2
IMG_0666.tiff,0.276894558032475,0.475378081385468,0.247727360582056,3
IMG_0670.tiff,0.27999655311833,0.48088989541673,0.23911355146494,1
IMG_0671.tiff,0.22521227569779,0.469901514328673,0.304886209973537,2
IMG_0672.tiff,0.210484393532649,0.45222961039229,0.337285996075061,1
IMG_0673.tiff,0.209220282810312,0.453005888172763,0.337773829016925,1
IMG_0674.tiff,0.207525840944393,0.450285376844843,0.342188782210765,1
IMG_0675.tiff,0.209588426035232,0.450368787322937,0.340042786641831,2
IMG_0676.tiff,0.207700953170622,0.450930449252961,0.341368597576418,2
IMG_0677.tiff,0.207497867200203,0.449782920530724,0.342719212269072,2
IMG_0678.tiff,0.207103090037677,0.45104213078792,0.341854779174403,2
IMG_0679.tiff,0.209697636976558,0.451410699363456,0.338891663659987,2
IMG_0680.tiff,0.209132521318234,0.452335597362142,0.338531881319623,2
IMG_0681.tiff,0.229063190296669,0.476290964484589,0.294645845218743,2
IMG_0682.tiff,0.225342337209979,0.456625865743292,0.318031797046728,3
IMG_0683.tiff,0.209471025498105,0.448866369559624,0.341662604942271,3
IMG_0684.tiff,0.208573276062373,0.451551122364947,0.33987560157268,2
IMG_0685.tiff,0.249291018453657,0.475448662276695,0.275260319269649,1
IMG_0686.tiff,0.226254832161624,0.47168487041076,0.302060297427616,2
IMG_0687.tiff,0.24127018234125,0.475454213866541,0.283275603792208,3
IMG_0688.tiff,0.243565548258952,0.476337776638348,0.2800966751027,1
IMG_0743.tiff,0.203320447115572,0.450491967468825,0.346187585415602,3
IMG_0744.tiff,0.201067225823475,0.451436102680627,0.347496671495897,1
IMG_0745.tiff,0.201654544745851,0.449518705990928,0.348826749263221,1
IMG_0746.tiff,0.201988776877918,0.450914789697452,0.34709643342463,1
IMG_0747.tiff,0.203178794414519,0.447111453506407,0.349709752079073,1
IMG_0749.tiff,0.201741949945661,0.448931250489779,0.349326799564559,1
IMG_0750.tiff,0.20096074848894,0.447612043995426,0.351427207515634,1
IMG_0753.tiff,0.205023455583809,0.444372766207643,0.350603778208548,1
IMG_0754.tiff,0.201200604475433,0.448009598635199,0.350789796889368,2
IMG_0755.tiff,0.207832301668735,0.448898943220872,0.343268755110393,1
IMG_0756.tiff,0.203181959302932,0.448848534109653,0.347969506587415,1
IMG_0757.tiff,0.203049057090691,0.448372829795548,0.348578113113761,2
IMG_0758.tiff,0.205305259872879,0.448499996117158,0.346194744009963,3
IMG_0759.tiff,0.213603330516049,0.450943036453506,0.335453633030445,3
IMG_0760.tiff,0.202161324354185,0.446810681382558,0.351027994263257,2
IMG_0761.tiff,0.203672298148103,0.44794919903906,0.348378502812837,3
IMG_0762.tiff,0.206619773252955,0.449224062643372,0.344156164103672,2
IMG_0763.tiff,0.203009755625753,0.449099803904701,0.347890440469546,2
IMG_0765.tiff,0.202494629237758,0.447909212627002,0.34959615813524,1
IMG_0766.tiff,0.201489904719125,0.448349622756691,0.350160472524184,2
IMG_0767.tiff,0.202672775614113,0.447674269984718,0.349652954401169,2
IMG_0768.tiff,0.242800674890433,0.481098225393654,0.276101099715912,1
IMG_0770.tiff,0.201385893945881,0.447306346833857,0.351307759220261,3
IMG_0771.tiff,0.246702412742605,0.460237050178366,0.293060537079029,1
IMG_0772.tiff,0.200515854928089,0.446857327908359,0.352626817163552,2
IMG_0773.tiff,0.203679736613183,0.448123694173235,0.348196569213583,3
IMG_0774.tiff,0.206592663320185,0.447643934179439,0.345763402500377,1
IMG_0775.tiff,0.204573629340581,0.449910671331848,0.345515699327571,2
IMG_0776.tiff,0.207338040101295,0.448244311504697,0.344417648394008,3
IMG_0777.tiff,0.238688946890524,0.457046256780542,0.304264796328933,3
IMG_0778.tiff,0.202037149046104,0.447817750097497,0.350145100856399,3
IMG_0779.tiff,0.212800738173488,0.461033537569575,0.326165724256937,1
IMG_0780.tiff,0.201634435589711,0.447939444901014,0.350426119509274,1
IMG_0782.tiff,0.202169123257874,0.447193868771617,0.350637007970509,3
IMG_0783.tiff,0.199976024013391,0.447686294620934,0.352337681365675,2
IMG_0784.tiff,0.202224979340989,0.446216205927891,0.351558814731121,2
IMG_0785.tiff,0.199989985832654,0.448463157839493,0.351546856327854,2
IMG_0786.tiff,0.200378499270805,0.448033595113028,0.351587905616167,3
IMG_0787.tiff,0.199260689264846,0.446668958040944,0.35407035269421,2
IMG_0788.tiff,0.19987215445134,0.445876738159334,0.354251107389326,1
IMG_0789.tiff,0.207895562172457,0.457558785843357,0.334545651984187,2
IMG_0790.tiff,0.216922840619221,0.456287726563977,0.326789432816801,2
IMG_0791.tiff,0.198855015582907,0.448034584962648,0.353110399454444,3
IMG_0792.tiff,0.2019555887235,0.448477035921236,0.349567375355264,2
IMG_0793.tiff,0.203877113349167,0.447120355146108,0.349002531504725,3
IMG_0794.tiff,0.204512336257934,0.450015659435795,0.345472004306271,3
IMG_0795.tiff,0.203690217822049,0.446872633979249,0.349437148198701,1
IMG_0796.tiff,0.205552683274437,0.449661133241849,0.344786183483714,2
IMG_0797.tiff,0.208667523210223,0.451000338026286,0.34033213876349,2
IMG_0798.tiff,0.283581125389266,0.475257800698112,0.241161073912622,3
IMG_0799.tiff,0.1989948054343,0.447319545269194,0.353685649296506,1
IMG_0800.tiff,0.205868601174609,0.446667779394579,0.347463619430813,2
IMG_0801.tiff,0.199792130296578,0.447531937402136,0.352675932301286,3
IMG_0802.tiff,0.239434776054864,0.463222931235604,0.297342292709532,2
IMG_0803.tiff,0.202767232287378,0.458191736846193,0.339041030866429,3
IMG_0804.tiff,0.198381491483068,0.448610744749072,0.35300776376786,3
IMG_0805.tiff,0.198294271567575,0.446697105519911,0.355008622912513,1
IMG_0806.tiff,0.198254404623391,0.446483575739126,0.355262019637483,2
IMG_0807.tiff,0.19745702014514,0.447652609220698,0.354890370634162,1
IMG_0808.tiff,0.201478948039342,0.452887278686257,0.345633773274401,3
IMG_0809.tiff,0.199026101937981,0.454248151450669,0.34672574661135,3
IMG_0810.tiff,0.19958913930667,0.449428524639063,0.350982336054266,2
IMG_0811.tiff,0.198474914105653,0.447552673912322,0.353972411982025,2
IMG_0812.tiff,0.198322351206857,0.44698088579829,0.354696762994853,3
IMG_0813.tiff,0.198215460774144,0.446435586921987,0.355348952303869,3
IMG_0814.tiff,0.197115642960065,0.447030063991137,0.355854293048798,3
IMG_0815.tiff,0.197386430417197,0.44562171343825,0.356991856144553,1
IMG_0816.tiff,0.196282022903196,0.445837048112071,0.357880928984733,1
IMG_0817.tiff,0.196183569139765,0.445411741647155,0.358404689213081,2
IMG_0818.tiff,0.196919596566456,0.445518224011452,0.357562179422093,2
IMG_0819.tiff,0.196320757962295,0.444595091139221,0.359084150898484,1
IMG_0820.tiff,0.197069165509215,0.444785049507711,0.358145784983074,1
IMG_0821.tiff,0.197394532316543,0.446133706667256,0.356471761016202,3
IMG_0822.tiff,0.196666482269592,0.445603307483988,0.35773021024642,1
IMG_0823.tiff,0.196869732154168,0.449562807654376,0.353567460191456,3
IMG_0824.tiff,0.196637490845737,0.448808320179192,0.354554188975071,1
IMG_0825.tiff,0.194952670340019,0.446418443143838,0.358628886516143,2
IMG_0826.tiff,0.195620632063538,0.446354629789842,0.35802473814662,2
IMG_0828.tiff,0.195446110571802,0.448218722011802,0.356335167416396,1
IMG_0829.tiff,0.195385937701663,0.445643898403916,0.358970163894421,2
IMG_0830.tiff,0.199404588335228,0.454807557926018,0.345787853738753,1
IMG_0831.tiff,0.197377210151577,0.449552023939675,0.353070765908749,2
IMG_0832.tiff,0.196085133818878,0.445371277034061,0.35854358914706,2
IMG_0833.tiff,0.194826234243502,0.446797595631918,0.35837617012458,1
IMG_0834.tiff,0.194351963809906,0.446117674329308,0.359530361860786,1
IMG_0835.tiff,0.194398391264234,0.446394285144437,0.359207323591329,1
IMG_0836.tiff,0.312026562975216,0.491159745574744,0.196813691450039,3
IMG_0837.tiff,0.336696528330301,0.510994841110353,0.152308630559346,3
IMG_0838.tiff,0.367904042061787,0.483207597518709,0.148888360419504,2
IMG_0839.tiff,0.36672689461152,0.484006003774701,0.149267101613779,1
IMG_0840.tiff,0.364772335512211,0.481521653327334,0.153706011160454,3
IMG_0841.tiff,0.19342101566728,0.447360493339153,0.359218490993568,1
IMG_0842.tiff,0.203391826155667,0.448461836716982,0.348146337127351,2
IMG_0843.tiff,0.193332055281147,0.443952647154127,0.362715297564726,3
IMG_0844.tiff,0.204607983274183,0.454176105698112,0.341215911027705,2
IMG_0845.tiff,0.19254967775504,0.444584769267985,0.362865552976975,2
IMG_0846.tiff,0.196902173494905,0.446163451261878,0.356934375243217,3
IMG_0847.tiff,0.433120037407481,0.460507905020458,0.106372057572061,1
IMG_0849.tiff,0.324962803226476,0.500273081151674,0.17476411562185,3
IMG_0851.tiff,0.414082155816878,0.46654964925618,0.119368194926941,3
IMG_0853.tiff,0.420933642977232,0.463723275106899,0.115343081915869,2
IMG_0854.tiff,0.388904423796234,0.484129004981783,0.126966571221982,1
IMG_0855.tiff,0.259855927803839,0.469301253341404,0.270842818854758,1
IMG_0857.tiff,0.243486111495735,0.462865186602818,0.293648701901447,1
IMG_0858.tiff,0.299686983664292,0.485549721705711,0.214763294629997,3
IMG_0859.tiff,0.220989289121076,0.459038563561975,0.319972147316949,3
IMG_0860.tiff,0.211768596687803,0.453347510154361,0.334883893157836,1
IMG_0861.tiff,0.371186436379144,0.457729176153009,0.171084387467847,3
IMG_0862.tiff,0.236295374818802,0.465562555370411,0.298142069810787,3
IMG_0863.tiff,0.304958498877392,0.472423106720972,0.222618394401637,1
IMG_0864.tiff,0.361911766480929,0.459457599852911,0.17863063366616,2
IMG_0865.tiff,0.238186346045632,0.473845568809135,0.287968085145233,3
IMG_0866.tiff,0.282002687971089,0.475670126772641,0.24232718525627,2
IMG_0867.tiff,0.208764183643277,0.451938217266757,0.339297599089967,3
IMG_0869.tiff,0.202714279953397,0.470156217841436,0.327129502205167,3
IMG_0870.tiff,0.226733466853952,0.473705568951791,0.299560964194257,1
IMG_0872.tiff,0.233210761255857,0.482624593066827,0.284164645677316,2
IMG_0873.tiff,0.197446533750525,0.468164943219283,0.334388523030193,2
IMG_0874.tiff,0.213522456647124,0.473296103263259,0.313181440089617,1
IMG_0875.tiff,0.20846917898215,0.471348583839409,0.320182237178441,3
IMG_0876.tiff,0.276105451255773,0.479934420653974,0.243960128090253,2
IMG_0877.tiff,0.272892649279437,0.479198766039518,0.247908584681045,2
IMG_0878.tiff,0.234886040732407,0.470985707352518,0.294128251915075,3
IMG_0879.tiff,0.207795603941181,0.471433956310403,0.320770439748417,3
IMG_0880.tiff,0.220084164159209,0.471120643195599,0.308795192645193,3
IMG_0881.tiff,0.206632321208793,0.470954342303388,0.322413336487819,2
IMG_0882.tiff,0.227088621776906,0.473204289909837,0.299707088313257,2
IMG_0883.tiff,0.228196164203435,0.47326372796643,0.298540107830134,3
IMG_0884.tiff,0.22991173600509,0.471957683952654,0.298130580042256,1
IMG_0885.tiff,0.373725301364845,0.472806422115352,0.153468276519803,1
IMG_0886.tiff,0.37544502257658,0.472716686173814,0.151838291249607,1
IMG_0887.tiff,0.350006794367408,0.482546943160828,0.167446262471764,2
IMG_0888.tiff,0.338708761156361,0.476643881290614,0.184647357553025,3
IMG_0890.tiff,0.356965191296236,0.471131440686364,0.1719033680174,3
IMG_0891.tiff,0.212980134031137,0.474921291055252,0.312098574913612,2
IMG_0892.tiff,0.372379211972754,0.481598201586141,0.146022586441105,1
IMG_0893.tiff,0.37646531720277,0.481895597199528,0.141639085597702,3
IMG_0894.tiff,0.382675224617946,0.473173127056938,0.144151648325117,3
IMG_0895.tiff,0.371369800442265,0.473920557994816,0.154709641562918,3
IMG_0896.tiff,0.213319038232595,0.473368176960165,0.31331278480724,1
IMG_0899.tiff,0.377667362421744,0.474402997563572,0.147929640014684,1
IMG_0900.tiff,0.372747976093035,0.472179991207138,0.155072032699827,3
IMG_0901.tiff,0.3638027958119,0.476022319355001,0.1601748848331,2
IMG_0902.tiff,0.352070665559126,0.472975090119529,0.174954244321345,3
IMG_0903.tiff,0.316305688234817,0.473330478243598,0.210363833521585,1
